 Parameter(
             Pi    = 3.1415926535897932d+00,
             hPlanc= 1.0545716280D-27,
             Cs    = 2.9979245800D+10,
             Boltzk= 1.3806504000D-16,
             Avogar= 6.0221417900D+23,
             AMbrun= 1.6605387832D-24,
             AMelec= 9.1093821500D-28,
             echarg= 4.8032042700D-10,
             CG    = 6.6742800000D-08,
             CMS   = 1.9884000000D+33,
             RSol  = 6.9551000000D+10,
             ULGR  = 1.4000000000D+01,
             UPURS = 1.0000000000D+07,
             ULGPU = 7.0000000000D+00,
             ULGEU = 1.3000000000D+01,
             UPC   = 3.0856776000D+18,
             UTP   = 1.0000000000D+05,
             URHO  = 1.0000000000D-06,
             CARAD = 7.5657680191D-15,
             CSIGM = 5.6704004778D-05,
             ERGEV = 1.6021764864D-12,
             GRADeV= 1.1604505285D+04,
             RADC  = 7.5657680191D-02,
             CTOMP = 4.0062048575D-01,
             CCAPS = 2.6901213726D+01,
             CCAPZ = 9.8964034725D+00);
 _include azzn;
