 Parameter(
             epsNi = 3.9656224881D-02,
             epsCo = 7.0232694190D-03,
             epspst= 2.3346047930D-04,
             tNi   = 8.8000000000D+00,
             tCo   = 1.1130000000D+02);
